desc: I1 cache:         32768 B, 64 B, 8-way associative
desc: D1 cache:         24576 B, 64 B, 6-way associative
desc: LL cache:         1048576 B, 64 B, 16-way associative
cmd: ./BlackJack.paf config.dat
events: Ir I1mr ILmr Dr D1mr DLmr Dw D1mw DLmw 
fl=/home/fab/OSProject/OSProject/Actor/bank.c
fn=bankManager
8 7 1 1 0 0 0 5 0 0
9 1 0 0 0 0 0 1 0 0
10 1 0 0 0 0 0 1 0 0
11 1 1 1 0 0 0 1 0 0
12 1 0 0 0 0 0 1 0 0
13 2 0 0 0 0 0 1 0 0
16 6 0 0 2 0 0 2 0 0
17 3 0 0 1 0 0 1 0 0
19 45 1 1 22 0 0 0 0 0
21 10 0 0 0 0 0 10 0 0
22 10 1 1 0 0 0 10 0 0
24 50 0 0 10 0 0 20 0 0
27 210 1 1 150 0 0 10 0 0
29 330 1 1 90 0 0 0 0 0
31 330 0 0 60 0 0 60 0 0
32 540 1 1 120 0 0 90 0 0
33 540 1 1 120 0 0 90 0 0
35 330 0 0 90 0 0 30 0 0
40 110 1 1 30 0 0 30 0 0
41 110 0 0 30 0 0 30 0 0
44 40 1 1 20 0 0 10 0 0
47 40 0 0 20 0 0 10 0 0
50 60 0 0 20 0 0 10 0 0
54 258 1 1 171 0 0 10 0 0
56 672 1 1 168 0 0 28 0 0
58 1 0 0 0 0 0 1 0 0
62 20 0 0 10 0 0 0 0 0
64 6 0 0 2 0 0 1 0 0
67 70 1 1 30 0 0 20 0 0
70 20 0 0 10 0 0 0 0 0
74 80 0 0 30 0 0 10 0 0
75 80 1 1 30 0 0 10 0 0
79 40 0 0 20 0 0 10 0 0
81 70 1 1 30 0 0 0 0 0
83 420 1 1 300 0 0 20 0 0
85 660 1 1 180 0 0 0 0 0
87 170 0 0 34 0 0 34 0 0
94 612 1 1 136 0 0 102 0 0
99 80 0 0 40 0 0 20 0 0
102 80 1 1 40 0 0 20 0 0
104 140 0 0 60 0 0 40 0 0
109 40 0 0 20 0 0 0 0 0
111 40 0 0 20 0 0 10 0 0
112 80 1 1 30 0 0 10 0 0
114 40 0 0 20 0 0 10 0 0
116 40 0 0 20 0 0 10 0 0
117 90 1 1 30 0 0 10 0 0
121 120 1 1 40 0 0 20 0 0
123 50 0 0 10 0 0 10 0 0
130 110 0 0 30 0 0 30 0 0
135 40 0 0 20 0 0 10 0 0
139 60 1 1 20 0 0 10 0 0
140 40 0 0 20 0 0 0 0 0
143 21 0 0 15 0 0 1 0 0
145 27 0 0 6 0 0 3 0 0
149 40 1 1 20 0 0 10 0 0
151 40 0 0 20 0 0 10 0 0
153 40 0 0 20 0 0 10 0 0
154 130 1 1 50 0 0 20 0 0
156 40 0 0 20 0 0 10 0 0
158 40 1 1 20 0 0 10 0 0
159 130 0 0 50 0 0 20 0 0
161 40 0 0 20 0 0 10 0 0
163 50 0 0 30 0 0 10 0 0
166 3 0 0 1 0 0 1 0 0
167 5 0 0 3 0 0 0 0 0
fn=checkAvaibleCards
170 176 0 0 0 0 0 88 0 0
171 220 1 1 44 0 0 44 0 0
172 88 0 0 0 0 0 0 0 0
175 88 0 0 88 0 0 0 0 0
fn=checkForWinners
201 77 0 0 0 0 0 44 0 0
202 22 0 0 0 0 0 22 0 0
203 22 0 0 0 0 0 22 0 0
205 77 1 1 22 0 0 22 0 0
209 275 1 1 165 0 0 11 0 0
211 396 1 1 99 0 0 0 0 0
213 429 0 0 99 0 0 66 0 0
214 145 1 1 89 0 0 0 0 0
216 22 0 0 11 0 0 11 0 0
217 33 0 0 11 0 0 11 0 0
219 44 0 0 22 0 0 0 0 0
223 384 2 2 96 0 0 12 0 0
224 120 0 0 24 0 0 12 0 0
232 120 0 0 24 0 0 12 0 0
233 72 0 0 24 0 0 12 0 0
239 55 1 1 22 0 0 22 0 0
241 51 0 0 31 0 0 0 0 0
243 10 0 0 5 0 0 0 0 0
250 155 2 2 40 0 0 5 0 0
251 100 1 1 25 0 0 5 0 0
254 55 1 1 10 0 0 5 0 0
256 18 0 0 12 0 0 0 0 0
261 66 1 1 22 0 0 11 0 0
263 275 1 1 165 0 0 11 0 0
266 429 1 1 132 0 0 0 0 0
268 143 1 1 33 0 0 22 0 0
269 51 0 0 31 0 0 0 0 0
271 155 2 2 40 0 0 5 0 0
272 100 1 1 25 0 0 5 0 0
273 55 1 1 10 0 0 5 0 0
275 18 0 0 12 0 0 0 0 0
283 192 1 1 48 0 0 6 0 0
284 60 0 0 12 0 0 6 0 0
295 33 0 0 11 0 0 11 0 0
296 33 0 0 22 0 0 0 0 0
fn=getNbPlayerWantCard
189 120 1 1 0 0 0 90 0 0
190 60 1 1 0 0 0 60 0 0
192 510 1 1 330 0 0 30 0 0
194 1080 0 0 360 0 0 0 0 0
197 30 0 0 30 0 0 0 0 0
198 60 0 0 60 0 0 0 0 0
fn=getNbPlayersPlay
178 80 0 0 0 0 0 60 0 0
179 20 0 0 0 0 0 20 0 0
180 340 0 0 220 0 0 20 0 0
182 774 0 0 234 0 0 0 0 0
185 20 0 0 20 0 0 0 0 0
186 40 0 0 40 0 0 0 0 0
fl=/home/fab/OSProject/OSProject/Actor/player.c
fn=getBet
93 240 1 1 0 0 0 150 3 3
94 228 0 0 57 0 0 0 0 0
95 24 0 0 12 0 0 0 0 0
97 72 0 0 18 0 0 0 0 0
99 36 0 0 9 0 0 0 0 0
101 21 0 0 7 0 0 0 0 0
103 4 0 0 2 0 0 0 0 0
107 36 0 0 9 0 0 0 0 0
109 24 0 0 6 0 0 0 0 0
110 18 0 0 6 0 0 0 0 0
113 3 0 0 3 0 0 0 0 0
115 60 0 0 60 0 0 0 0 0
fn=playerManager
9 12 1 1 0 0 0 6 0 0
10 6 0 0 3 0 0 3 0 0
12 6 1 1 3 0 0 3 0 0
13 6 0 0 3 0 0 3 0 0
18 135 1 1 66 0 0 0 0 0
20 450 1 1 270 0 0 60 0 0
23 180 0 0 120 0 0 0 0 0
27 150 0 0 90 0 0 30 0 0
29 210 1 1 90 0 0 60 0 0
31 180 0 0 120 0 0 0 0 0
33 69 0 0 23 0 0 23 0 0
37 14 0 0 7 0 0 7 0 0
41 150 1 1 90 0 0 30 0 0
44 150 0 0 90 0 0 30 0 0
47 286 1 1 128 0 0 0 0 0
51 170 0 0 102 0 0 34 0 0
54 238 1 1 102 0 0 68 0 0
55 204 0 0 136 0 0 0 0 0
56 69 0 0 23 0 0 23 0 0
58 22 0 0 11 0 0 11 0 0
63 170 0 0 102 0 0 34 0 0
66 170 0 0 102 0 0 34 0 0
72 150 0 0 90 0 0 30 0 0
74 210 1 1 90 0 0 60 0 0
75 90 0 0 30 0 0 30 0 0
78 180 0 0 120 0 0 0 0 0
85 150 0 0 90 0 0 30 0 0
86 120 0 0 60 0 0 30 0 0
87 150 0 0 90 0 0 30 0 0
89 3 0 0 0 0 0 0 0 0
90 6 0 0 6 0 0 0 0 0
fl=/home/fab/OSProject/OSProject/Util/cardHandler.c
fn=addCard
19 620 1 1 0 0 0 372 0 0
20 248 0 0 124 0 0 124 0 0
21 124 0 0 0 0 0 124 0 0
22 124 0 0 0 0 0 124 0 0
24 646 1 1 261 0 0 0 0 0
26 548 0 0 274 0 0 0 0 0
28 40 0 0 0 0 0 40 0 0
29 160 0 0 80 0 0 40 0 0
31 388 1 1 194 0 0 0 0 0
33 51 0 0 0 0 0 51 0 0
34 204 0 0 102 0 0 51 0 0
36 184 0 0 92 0 0 0 0 0
38 99 0 0 0 0 0 66 0 0
40 66 0 0 33 0 0 33 0 0
41 99 0 0 66 0 0 33 0 0
42 66 0 0 33 0 0 33 0 0
44 99 0 0 66 0 0 33 0 0
45 66 0 0 0 0 0 33 0 0
48 39 0 0 26 0 0 13 0 0
50 372 1 1 248 0 0 0 0 0
fn=freeCardHandler
52 160 0 0 0 0 0 80 0 0
53 80 0 0 40 0 0 0 0 0
55 80 0 0 40 0 0 40 0 0
56 120 0 0 80 0 0 40 0 0
58 186 0 0 73 0 0 0 0 0
60 99 0 0 33 0 0 33 0 0
61 66 0 0 33 0 0 33 0 0
62 99 0 0 66 0 0 33 0 0
65 120 0 0 40 0 0 40 0 0
67 120 0 0 80 0 0 0 0 0
fn=getCardName
70 552 1 1 0 0 0 368 0 0
71 1840 0 0 552 2 1 0 0 0
74 20 0 0 0 0 0 0 0 0
77 44 0 0 0 0 0 0 0 0
80 30 0 0 0 0 0 0 0 0
83 16 0 0 0 0 0 0 0 0
86 30 0 0 0 0 0 0 0 0
90 228 0 0 114 0 0 0 0 0
92 368 0 0 368 0 0 0 0 0
fn=getValueFromHand
95 711 2 2 0 0 0 474 0 0
96 237 0 0 0 0 0 237 0 0
97 474 0 0 237 0 0 237 0 0
99 1457 0 0 610 0 0 0 0 0
101 1492 0 0 746 0 0 0 0 0
102 1119 0 0 1119 0 0 0 0 0
103 1492 0 0 746 0 0 0 0 0
104 840 0 0 840 0 0 0 0 0
106 1119 0 0 746 0 0 373 0 0
109 237 0 0 237 0 0 0 0 0
110 474 0 0 474 0 0 0 0 0
fn=initCardHandler
8 120 0 0 0 0 0 40 0 0
9 120 0 0 0 0 0 80 0 0
11 80 0 0 40 0 0 40 0 0
12 80 0 0 40 0 0 40 0 0
13 80 0 0 40 0 0 40 0 0
15 40 0 0 40 0 0 0 0 0
16 80 0 0 80 0 0 0 0 0
fl=/home/fab/OSProject/OSProject/Util/deck.c
fn=drawCard
124 372 0 0 0 0 0 248 0 0
125 372 0 0 248 1 0 124 0 0
127 248 0 0 124 0 0 0 0 0
129 496 1 1 372 7 0 124 0 0
130 496 0 0 372 0 0 124 0 0
131 372 0 0 248 0 0 124 0 0
133 248 0 0 248 0 0 0 0 0
134 248 0 0 248 0 0 0 0 0
fn=getDrawPileSize
163 132 1 1 0 0 0 88 0 0
164 44 0 0 0 0 0 44 0 0
165 132 1 1 88 0 0 44 0 0
167 17440 0 0 8698 0 0 0 0 0
168 25962 0 0 17308 94 0 8654 0 0
169 8654 0 0 8654 0 0 0 0 0
172 44 0 0 44 0 0 0 0 0
173 88 0 0 88 0 0 0 0 0
fn=getValueFromCardID
152 372 2 2 0 0 0 248 0 0
153 248 0 0 124 0 0 0 0 0
154 1984 0 0 124 0 0 0 0 0
155 248 0 0 248 0 0 0 0 0
fn=initDeck
15 5 0 0 0 0 0 3 0 0
20 3 1 1 0 0 0 2 0 0
21 3 0 0 2 0 0 1 0 0
23 2 0 0 1 0 0 1 0 0
24 2 0 0 1 0 0 1 0 0
25 2 0 0 1 0 0 1 0 0
27 25 2 2 17 0 0 1 0 0
28 15 0 0 5 0 0 0 0 0
39 800 2 2 525 0 0 5 0 0
40 780 0 0 0 0 0 520 0 0
41 1040 0 0 780 0 0 260 0 0
42 780 0 0 520 0 0 260 0 0
43 780 0 0 520 0 0 260 0 0
45 5 0 0 0 0 0 0 0 0
63 1 0 0 1 0 0 0 0 0
64 2 0 0 2 0 0 0 0 0
fn=initDeckLib
9 2 1 1 0 0 0 1 0 0
10 4 0 0 0 0 0 2 0 0
11 3 0 0 2 0 0 0 0 0
fn=removeDeck
67 4 0 0 0 0 0 2 0 0
70 549 1 1 274 0 0 0 0 0
71 408 0 0 272 0 0 136 0 0
72 544 0 0 408 3 0 136 0 0
73 408 0 0 136 0 0 136 0 0
75 5 1 1 2 0 0 0 0 0
80 501 0 0 250 0 0 0 0 0
81 372 0 0 248 0 0 124 0 0
82 496 0 0 372 3 0 124 0 0
83 372 0 0 124 0 0 124 0 0
86 3 0 0 1 0 0 1 0 0
87 3 0 0 2 0 0 0 0 0
fn=shuffleDeck
90 4 1 1 0 0 0 2 0 0
91 3 1 1 2 0 0 1 0 0
92 1 0 0 0 0 0 1 0 0
94 2 0 0 1 0 0 0 0 0
97 2076 1 1 1297 0 0 259 0 0
98 4 0 0 3 0 0 1 0 0
101 2 0 0 1 0 0 1 0 0
102 9 0 0 5 0 0 1 0 0
104 3 1 1 2 0 0 1 0 0
105 2 0 0 1 0 0 1 0 0
107 783 1 1 521 0 0 0 0 0
108 520 0 0 260 0 0 260 0 0
109 260 0 0 0 0 0 260 0 0
110 1040 0 0 260 0 0 520 0 0
112 129788 1 1 80890 0 0 32252 0 0
114 520 0 0 260 0 0 0 0 0
115 20 0 0 10 0 0 5 0 0
117 1020 0 0 765 0 0 255 0 0
119 1040 0 0 780 0 0 260 0 0
120 780 0 0 520 0 0 260 0 0
122 3 0 0 2 0 0 0 0 0
fl=/home/fab/OSProject/OSProject/Util/fileHandler.c
fn=initGame
14 10 1 1 1 0 0 6 0 0
15 3 0 0 0 0 0 3 0 0
17 6 0 0 1 0 0 2 0 0
19 2 1 1 1 0 0 0 0 0
21 5 0 0 1 0 0 2 1 0
22 10 0 0 3 1 0 2 0 0
24 4 1 1 3 0 0 1 0 0
25 11 0 0 2 0 0 2 0 0
27 5 1 1 2 0 0 2 0 0
28 5 0 0 2 0 0 2 0 0
29 5 0 0 2 0 0 2 0 0
30 5 1 1 2 0 0 2 0 0
32 10 0 0 6 0 0 1 0 0
33 10 1 1 6 0 0 1 0 0
34 10 0 0 6 0 0 1 0 0
35 10 1 1 6 0 0 1 0 0
37 10 0 0 3 0 0 2 0 0
39 4 1 1 3 0 0 1 0 0
40 10 0 0 3 0 0 2 0 0
42 4 0 0 3 0 0 1 0 0
44 29 2 2 19 0 0 1 0 0
46 30 0 0 9 0 0 3 3 3
47 33 1 1 12 0 0 3 1 1
48 30 0 0 9 0 0 3 0 0
50 21 1 1 6 0 0 6 0 0
52 36 0 0 12 0 0 3 0 0
54 21 0 0 6 0 0 6 0 0
56 36 1 1 12 0 0 3 0 0
58 15 0 0 3 0 0 3 0 0
59 18 1 1 3 0 0 3 0 0
62 30 0 0 9 0 0 3 0 0
65 9 0 0 3 0 0 0 0 0
67 8 0 0 2 0 0 0 0 0
70 10 1 1 3 0 0 1 0 0
71 1 0 0 0 0 0 0 0 0
74 10 0 0 3 0 0 1 0 0
75 1 0 0 0 0 0 0 0 0
78 12 0 0 2 0 0 2 0 0
81 21 1 1 6 0 0 6 0 0
83 36 1 1 12 0 0 3 0 0
85 60 1 1 21 0 0 6 0 0
87 36 1 1 12 0 0 3 0 0
95 39 0 0 15 0 0 3 0 0
96 39 1 1 15 0 0 3 0 0
97 39 1 1 15 0 0 3 0 0
98 39 0 0 15 0 0 3 0 0
100 33 0 0 9 0 0 3 0 0
108 2 0 0 0 0 0 0 0 0
119 7 1 1 5 0 0 0 0 0
fn=printInt
203 1040 0 0 130 0 0 520 0 0
205 260 1 1 0 0 0 260 0 0
206 260 0 0 0 0 0 260 0 0
208 260 0 0 130 0 0 0 0 0
210 5 0 0 1 0 0 1 0 0
211 2 0 0 0 0 0 0 0 0
214 898 1 1 449 0 0 0 0 0
216 1860 1 1 744 0 0 0 0 0
218 1272 0 0 212 0 0 212 0 0
222 1280 0 0 480 0 0 160 0 0
223 160 0 0 160 0 0 0 0 0
224 640 0 0 320 0 0 160 0 0
228 320 0 0 160 0 0 0 0 0
229 90 0 0 0 0 0 90 0 0
233 258 0 0 129 0 0 0 0 0
236 238 1 1 84 0 0 0 0 0
238 14 0 0 14 0 0 0 0 0
239 140 0 0 14 0 0 14 0 0
241 70 0 0 70 0 0 0 0 0
244 770 0 0 476 0 0 70 0 0
246 252 0 0 84 0 0 84 0 0
249 280 0 0 70 0 0 70 0 0
250 560 0 0 140 0 0 70 0 0
255 354 1 1 118 0 0 59 0 0
256 236 0 0 59 0 0 59 0 0
258 472 0 0 118 0 0 59 0 0
261 129 0 0 0 0 0 0 0 0
262 650 0 0 520 0 0 0 0 0
fn=readInt
266 105 1 1 15 0 0 45 0 0
268 30 1 1 0 0 0 30 0 0
269 15 0 0 0 0 0 15 0 0
271 15 0 0 0 0 0 15 0 0
273 153 1 1 69 0 0 0 0 0
275 432 0 0 54 0 0 54 0 0
278 162 0 0 54 0 0 54 0 0
280 306 0 0 102 0 0 0 0 0
282 39 0 0 39 0 0 0 0 0
283 195 0 0 78 0 0 39 0 0
286 30 0 0 0 0 0 15 0 0
292 30 0 0 15 0 0 0 0 0
295 396 1 1 132 0 0 39 0 0
297 234 0 0 156 0 0 0 0 0
300 15 0 0 15 0 0 0 0 0
301 75 1 1 60 0 0 0 0 0
fn=writeCardsName
180 480 2 2 60 0 0 240 0 0
181 120 0 0 60 0 0 60 0 0
184 398 1 1 169 0 0 0 0 0
186 436 0 0 218 0 0 0 0 0
188 545 0 0 218 0 0 218 0 0
189 654 1 1 109 0 0 109 0 0
192 436 0 0 218 0 0 0 0 0
194 375 0 0 150 0 0 150 0 0
195 450 0 0 75 0 0 75 0 0
198 327 0 0 218 0 0 109 0 0
200 360 0 0 240 0 0 0 0 0
fn=writePlayerLog
125 210 0 0 30 1 0 90 0 0
126 90 0 0 0 0 0 60 0 0
127 30 1 1 0 0 0 30 0 0
128 30 0 0 0 0 0 30 0 0
130 120 0 0 60 0 0 30 0 0
131 30 0 0 0 0 0 30 0 0
132 30 0 0 0 0 0 30 0 0
133 30 0 0 0 0 0 30 0 0
134 30 0 0 0 0 0 30 0 0
135 30 0 0 0 0 0 30 0 0
137 210 1 1 0 0 0 60 0 0
139 60 0 0 30 0 0 0 0 0
141 180 0 0 90 0 0 30 0 0
142 180 0 0 30 0 0 30 0 0
144 210 1 1 90 0 0 30 0 0
145 180 0 0 30 0 0 30 0 0
147 210 0 0 120 0 0 30 0 0
148 180 1 1 30 0 0 30 0 0
150 300 0 0 120 0 0 60 0 0
151 180 1 1 30 0 0 30 0 0
153 210 0 0 90 0 0 30 0 0
154 180 0 0 30 0 0 30 0 0
156 180 1 1 60 0 0 0 0 0
158 70 0 0 30 0 0 10 0 0
159 30 0 0 10 0 0 10 0 0
162 100 0 0 20 0 0 20 0 0
164 180 1 1 30 0 0 30 0 0
166 210 0 0 90 0 0 30 0 0
168 150 0 0 30 0 0 30 0 0
170 90 0 0 30 0 0 30 0 0
172 60 0 0 0 0 0 0 0 0
176 150 0 0 120 0 0 0 0 0
fl=/home/fab/OSProject/OSProject/main.c
fn=main
12 8 2 2 1 0 0 4 0 0
13 1 0 0 0 0 0 1 0 0
14 1 0 0 0 0 0 1 0 0
15 1 0 0 0 0 0 1 0 0
16 1 0 0 0 0 0 1 0 0
17 1 1 1 0 0 0 1 0 0
19 2 0 0 1 0 0 0 0 0
21 9 0 0 2 0 0 2 0 0
23 2 0 0 1 0 0 0 0 0
25 7 1 1 2 0 0 2 0 0
27 25 1 1 15 0 0 1 0 0
29 54 0 0 12 0 0 3 0 0
32 6 1 1 3 0 0 1 0 0
34 25 1 1 15 0 0 1 0 0
36 27 0 0 9 1 0 3 0 0
39 3 0 0 1 0 0 1 0 0
40 3 0 0 1 0 0 1 0 0
41 4 0 0 2 0 0 1 0 0
42 4 0 0 2 0 0 1 0 0
43 4 1 1 2 0 0 1 0 0
44 4 0 0 2 0 0 1 0 0
45 4 0 0 2 0 0 1 0 0
46 4 0 0 2 0 0 1 0 0
47 4 1 1 2 0 0 1 0 0
48 4 0 0 2 0 0 1 0 0
49 3 0 0 1 0 0 1 0 0
51 2 0 0 0 0 0 0 0 0
82 5 1 1 4 1 0 0 0 0
fl=???
fn=(below main)
0 56 6 5 16 1 0 16 0 0
fn=???
0 2369 31 23 2226 13 0 57 1 1
fn=_Exit
0 8 2 2 1 1 0 0 0 0
fn=_IO_cleanup
0 54 3 3 17 1 0 10 0 0
fn=_IO_enable_locks
0 20 2 2 9 5 1 1 0 0
fn=_IO_flush_all_lockp
0 103 10 10 30 12 4 15 0 0
fn=__GI___tunables_init
0 17170 7 7 3423 28 28 6 1 1
fn=__call_tls_dtors
0 44 2 2 20 2 0 8 0 0
fn=__ctype_init
0 64 2 2 40 10 0 12 1 0
fn=__cxa_atexit
0 22 2 2 5 0 0 8 1 0
fn=__cxa_finalize
0 141 3 3 36 2 1 18 0 0
fn=__deallocate_stack
0 105 4 4 33 1 0 33 2 0
fn=__default_morecore
0 14 1 1 2 0 0 2 0 0
fn=__free_tcb
0 36 1 1 12 1 0 3 0 0
fn=__init_misc
0 24 2 2 7 1 0 5 1 0
fn=__libc_csu_init
0 34 2 2 9 0 0 8 0 0
fn=__libc_pthread_init
0 393 2 2 110 7 0 58 7 7
fn=__libc_sigaction
0 104 6 6 28 0 0 24 3 1
fn=__libc_thread_freeres
0 111 2 2 24 1 0 21 0 0
fn=__memset_sse2_unaligned
0 27 2 2 0 0 0 0 0 0
fn=__memset_sse2_unaligned_erms
0 128 3 3 3 0 0 68 11 11
fn=__new_exitfn
0 38 7 7 11 4 1 5 0 0
fn=__pthread_disable_asynccancel
0 7284 1 1 1821 0 0 0 0 0
fn=__pthread_enable_asynccancel
0 6677 2 2 1821 6 0 0 0 0
fn=__pthread_initialize_minimal
0 202 14 14 28 5 0 56 8 4
fn=__pthread_mutex_unlock_usercnt
0 62 6 3 16 2 0 2 0 0
fn=__register_atfork
0 52 5 5 12 3 3 9 0 0
fn=__resolv_context_freeres
0 18 1 1 9 0 0 3 0 0
fn=__rpc_thread_destroy
0 33 2 2 15 0 0 6 0 0
fn=__run_exit_handlers
0 64 5 5 9 3 0 10 0 0
fn=__sigjmp_save
0 32 0 0 8 0 0 8 0 0
fn=__sigsetjmp
0 186 5 5 46 0 0 80 0 0
fn=__strrchr_sse2
0 24 2 2 2 1 0 0 0 0
fn=__time_syscall
0 3 0 0 1 0 0 0 0 0
fn=__tunable_get_val
0 325 6 3 72 11 0 18 0 0
fn=__unregister_atfork
0 66 2 2 27 1 0 9 0 0
fn=_dl_add_to_namespace_list
0 146 2 2 41 0 0 31 0 0
fn=_dl_add_to_slotinfo
0 20 3 3 8 2 0 5 1 0
fn=_dl_addr
0 58413 9 9 14007 1065 746 17 2 0
fn=_dl_allocate_tls
0 21 1 1 0 0 0 3 0 0
fn=_dl_allocate_tls_init
0 400 9 8 116 9 0 68 0 0
fn=_dl_allocate_tls_storage
0 323 3 3 7 0 0 295 37 37
fn=_dl_cache_libcmp
0 1821 3 3 286 19 19 0 0 0
fn=_dl_catch_error
0 222 4 4 54 0 0 108 5 5
fn=_dl_check_all_versions
0 84 2 2 15 0 0 9 0 0
fn=_dl_check_map_versions
0 2303 13 13 754 12 10 292 24 23
fn=_dl_count_modids
0 4 2 2 3 0 0 0 0 0
fn=_dl_debug_initialize
0 49 3 3 16 2 1 4 0 0
fn=_dl_debug_state
0 2 2 1 2 0 0 0 0 0
fn=_dl_determine_tlsoffset
0 66 6 6 14 1 1 9 0 0
fn=_dl_discover_osversion
0 82 4 4 12 1 1 4 1 1
fn=_dl_find_dso_for_object
0 50 4 4 20 1 0 4 0 0
fn=_dl_fini
0 318 11 11 100 25 0 37 4 0
fn=_dl_fixup
0 1304 6 6 468 53 5 107 3 2
fn=_dl_get_tls_static_info
0 5 1 1 3 0 0 2 1 1
fn=_dl_important_hwcaps
0 573 21 21 91 0 0 70 4 4
fn=_dl_init
0 92 5 5 27 1 0 12 0 0
fn=_dl_init_paths
0 104 8 8 14 0 0 30 3 3
fn=_dl_load_cache_lookup
0 688 16 16 100 20 20 75 2 2
fn=_dl_lookup_symbol_x
0 38820 12 12 8225 164 127 4753 18 7
fn=_dl_map_object
0 901 25 25 194 0 0 140 7 7
fn=_dl_map_object_deps
0 1604 37 37 349 8 1 150 8 7
fn=_dl_map_object_from_fd
0 2634 48 48 596 30 30 316 32 32
fn=_dl_name_match_p
0 10327 3 3 2675 8 0 1532 5 3
fn=_dl_new_object
0 790 13 13 149 5 5 154 31 31
fn=_dl_next_ld_env_entry
0 350 2 2 123 0 0 1 0 0
fn=_dl_next_tls_modid
0 6 2 2 3 0 0 1 0 0
fn=_dl_protect_relro
0 105 2 2 30 1 0 10 0 0
fn=_dl_receive_error
0 15 1 1 5 0 0 7 0 0
fn=_dl_relocate_object
0 38272 55 55 9425 817 729 3479 285 265
fn=_dl_runtime_resolve_fxsave
0 448 3 3 448 0 0 432 26 17
fn=_dl_setup_hash
0 115 2 2 35 6 6 30 1 1
fn=_dl_sort_fini
0 296 8 8 82 3 0 28 0 0
fn=_dl_start
0 867 20 20 207 32 30 74 32 31
fn=_dl_sysdep_read_whole_file
0 41 3 3 6 1 1 9 2 2
fn=_dl_sysdep_start
0 564 27 27 143 21 19 61 5 5
fn=_dl_sysdep_start_cleanup
0 1 1 0 1 0 0 0 0 0
fn=_dl_unload_cache
0 10 2 2 3 1 0 2 0 0
fn=_dl_vdso_vsym
0 102 5 4 36 3 0 6 0 0
fn=_fxstat
0 36 1 1 4 0 0 0 0 0
fn=_init
0 99 6 6 17 4 0 17 4 4
fn=_int_free
0 30344 22 22 8588 4 0 3445 2 0
fn=_int_malloc
0 49928 26 26 8625 4 1 8115 162 159
fn=_pthread_cleanup_pop
0 18 1 1 6 0 0 3 0 0
fn=_pthread_cleanup_push
0 18 1 1 6 1 0 12 0 0
fn=_setjmp
0 8 1 1 0 0 0 0 0 0
fn=_start
0 11 2 2 2 0 0 3 0 0
fn=access
0 9 2 2 1 0 0 1 0 0
fn=allocate_dtv
0 76 4 2 20 1 0 20 1 1
fn=arena_get2.part.4
0 294 14 14 81 0 0 48 6 6
fn=arena_thread_freeres
0 84 3 3 30 2 0 12 0 0
fn=bcmp
0 47 6 6 11 1 1 0 0 0
fn=brk
0 35 4 4 5 0 0 3 0 0
fn=call_init.part.0
0 204 5 5 73 11 0 32 0 0
fn=calloc
0 1419 15 15 335 2 0 106 6 0
fn=check_match
0 10557 6 6 3616 215 138 1247 16 6
fn=clone
0 75 1 1 12 0 0 9 3 3
fn=close
0 594 3 3 124 0 0 120 0 0
fn=create_thread
0 147 5 5 42 1 0 24 0 0
fn=detach_arena
0 9 1 1 3 0 0 0 0 0
fn=dl_main
0 1141 69 69 271 36 22 134 19 18
fn=do_lookup_x
0 64368 19 17 20320 452 227 9257 14 6
fn=do_preload
0 28 2 2 8 0 0 8 0 0
fn=dso_name_valid_for_suid
0 14 2 2 5 0 0 2 0 0
fn=elision_init
0 16 2 2 5 2 0 2 1 1
fn=exit
0 5 1 1 0 0 0 1 0 0
fn=expand_dynamic_string_token
0 24 1 1 6 0 0 7 1 1
fn=free
0 8413 5 5 2331 15 0 385 0 0
fn=get_common_indeces.constprop.1
0 44 4 4 5 0 0 13 0 0
fn=get_free_list
0 33 2 2 12 0 0 6 0 0
fn=getpagesize
0 30 2 1 18 0 0 0 0 0
fn=getrlimit
0 9 1 1 1 0 0 0 0 0
fn=gettimeofday
0 120 3 3 10 0 0 8 0 0
fn=handle_intel.constprop.1
0 213 6 6 40 0 0 49 0 0
fn=handle_ld_preload
0 47 3 3 9 0 0 10 1 1
fn=index
0 303 4 4 42 6 6 0 0 0
fn=init_cacheinfo
0 247 15 15 20 0 0 21 3 3
fn=init_tls
0 80 6 5 18 5 1 13 0 0
fn=intel_check_word.isra.0
0 1923 6 6 205 8 8 40 0 0
fn=lseek
0 21 1 1 3 0 0 0 0 0
fn=madvise
0 15 1 1 3 0 0 0 0 0
fn=malloc
0 22201 15 15 6205 15 0 1449 10 1
fn=malloc_consolidate
0 3 2 2 1 1 1 0 0 0
fn=malloc_hook_ini
0 11 2 2 3 2 1 3 0 0
fn=malloc_init_state
0 2585 2 2 7 0 0 1025 128 128
fn=map_doit
0 14 2 2 5 0 0 3 1 1
fn=match_symbol
0 1148 3 3 432 23 20 108 0 0
fn=memchr
0 8 1 1 3 0 0 0 0 0
fn=memcpy
0 335 6 5 96 3 1 67 15 15
fn=memcpy@@GLIBC_2.14
0 40 2 2 10 0 0 0 0 0
fn=memmove
0 40 2 2 10 0 0 0 0 0
fn=mempcpy
0 76 3 3 10 0 0 0 0 0
fn=memrchr
0 8 1 1 3 0 0 0 0 0
fn=memset
0 1039 7 6 23 1 0 474 109 109
fn=mmap
0 589 6 6 122 0 0 102 3 3
fn=mprotect
0 70 2 2 14 0 0 0 0 0
fn=munmap
0 20 0 0 4 0 0 0 0 0
fn=new_heap
0 156 6 6 24 1 0 29 3 3
fn=open
0 1321 7 7 309 0 0 336 9 7
fn=open_verify.constprop.7
0 552 14 14 147 18 18 42 0 0
fn=openaux
0 85 1 1 40 0 0 15 0 0
fn=pthread_barrier_destroy
0 828 2 2 265 0 0 15 0 0
fn=pthread_barrier_init
0 768 2 2 64 0 0 256 2 0
fn=pthread_barrier_wait
0 28173 9 9 6045 35 0 2457 0 0
fn=pthread_create@@GLIBC_2.2.5
0 755 28 28 214 13 0 196 21 21
fn=pthread_join
0 192 5 5 49 4 0 39 0 0
fn=pthread_mutex_lock
0 68 7 5 16 0 0 4 0 0
fn=pthread_mutex_unlock
0 4 2 1 0 0 0 0 0 0
fn=ptmalloc_init.part.2
0 90 9 9 26 8 1 18 2 0
fn=rand
0 1040 1 1 260 0 0 260 0 0
fn=random
0 6240 3 3 2600 0 0 520 0 0
fn=random_r
0 15354 3 3 4560 0 0 2280 0 0
fn=rawmemchr
0 8 0 0 3 0 0 0 0 0
fn=read
0 549 2 2 121 1 0 0 0 0
fn=res_thread_freeres
0 27 0 0 15 7 3 6 0 0
fn=rindex
0 8 0 0 3 0 0 0 0 0
fn=rtld_lock_default_lock_recursive
0 8 1 1 8 1 1 0 0 0
fn=rtld_lock_default_unlock_recursive
0 8 0 0 8 0 0 0 0 0
fn=sbrk
0 65 5 5 19 4 2 10 1 0
fn=srand
0 19 3 3 6 1 1 1 0 0
fn=srandom_r
0 2475 4 4 11 2 0 347 2 2
fn=start_thread
0 258 10 10 93 19 0 51 14 9
fn=stpcpy
0 5 0 0 3 0 0 0 0 0
fn=stpncpy
0 5 1 1 3 0 0 0 0 0
fn=strcasecmp
0 12 1 1 4 0 0 0 0 0
fn=strcasecmp_l
0 12 2 2 4 0 0 0 0 0
fn=strcat
0 5 2 2 3 0 0 0 0 0
fn=strchrnul
0 8 2 2 3 1 0 0 0 0
fn=strcmp
0 49543 62 54 7772 164 87 0 0 0
fn=strcpy
0 5 0 0 3 0 0 0 0 0
fn=strcspn
0 224 3 3 103 0 0 34 4 4
fn=strdup
0 51 1 1 9 0 0 12 0 0
fn=strerror_thread_freeres
0 9 1 1 9 1 0 0 0 0
fn=strlen
0 450 6 6 68 3 3 0 0 0
fn=strncasecmp
0 12 2 2 4 0 0 0 0 0
fn=strncasecmp_l
0 12 1 1 4 0 0 0 0 0
fn=strncmp
0 8 1 1 4 0 0 0 0 0
fn=strncpy
0 5 2 2 3 0 0 0 0 0
fn=strnlen
0 16 1 1 6 0 0 0 0 0
fn=strpbrk
0 6 1 1 3 0 0 0 0 0
fn=strspn
0 6 1 1 3 0 0 0 0 0
fn=sysmalloc
0 155 18 18 33 3 1 25 4 2
fn=tcache_init.part.6
0 446 6 5 33 2 0 310 32 32
fn=tcache_thread_freeres
0 1332 2 2 252 11 0 57 0 0
fn=time
0 120 3 3 10 2 1 8 0 0
fn=uname
0 5 1 1 1 0 0 0 0 0
fn=version_check_doit
0 10 0 0 4 0 0 2 0 0
fn=wcschr
0 16 2 2 6 0 0 0 0 0
fn=wcslen
0 8 2 2 3 0 0 0 0 0
fn=wcsnlen
0 11 1 1 4 1 0 0 0 0
fn=wmemchr
0 16 2 2 6 0 0 0 0 0
fn=wmemset
0 16 1 1 6 0 0 0 0 0
fn=write
0 14688 3 3 3264 0 0 3264 3 1
summary: 793017 1296 1257 280338 3664 2335 106704 1185 1065
